36.8
42.3
44.9
47.8
54.3
56.9
63.7
66.3
69.4
74.7
77.4
80.3
85.6
88.2
91.2
96.4
99.3
102.0
107.0
109.8
113.9
116.6
119.5
122.1
124.8
134.3
136.9
145.2
147.7
152.0
154.6
158.6
162.6
165.4
169.2
172.1
175.5
177.8
181.5
184.6
188.2
192.2
194.9
198.6
201.6
204.4
207.0
209.8
212.5
216.6
223.3
226.0
230.0
234.2
236.7
239.5
242.3
245.3
247.8
250.3
253.0
258.6
263.7
269.3
271.9
274.6
280.4
282.9
285.4
288.3
293.7
296.4
299.0
304.7
309.6
315.2
320.7
323.2
326.0
334.4
339.4
342.1
345.0
350.4
354.3
357.3
363.8
385.1
389.5
392.1
396.1
398.8
405.9
408.4
413.8
421.8
428.4
431.1
433.9
439.1
441.9
444.8
450.3
455.5
461.0
463.4
466.0
473.1
475.8
478.4
483.8
486.6
489.3
497.5
500.1
503.0
506.0
508.5
4.6
11.4
14.1
22.0
26.2
29.0
420.0
