5.0
20.0
22.0
30.0
33.0
41.0
45.0
53.0
61.0
70.0
73.0
79.0
87.0
91.0
94.0
101.0
104.0
113.0
120.0
123.0
135.0
137.0
139.0
143.0
150.0
155.0
157.0
163.0
167.0
171.0
178.0
180.0
186.0
188.0
197.0
201.0
203.0
211.0
215.0
217.0
223.0
227.0
234.0
236.0
239.0
244.0
249.0
252.0
258.0
260.0
263.0
267.0
273.0
282.0
284.0
290.0
295.0
298.0
306.0
308.0
314.0
316.0
319.0
325.0
330.0
338.0
343.0
350.0
354.0
356.0
362.0
370.0
375.0
382.0
386.0
393.0
395.0
399.0
403.0
410.0
412.0
418.0
422.0
426.0
430.0
432.0
434.0
442.0
446.0
448.0
454.0
458.0
466.0
474.0
476.0
482.0
494.0
496.0
502.0
506.0
514.0
516.0
519.0
523.0
