11.1
15.0
17.0
19.0
22.6
26.9
30.3
32.8
34.8
38.9
44.7
47.4
51.1
54.8
58.6
62.9
65.0
66.9
70.7
74.7
78.8
81.0
83.1
87.0
88.8
91.0
95.1
99.0
101.0
104.8
106.8
111.0
114.9
116.8
118.8
122.9
127.0
130.9
132.9
134.8
136.8
138.8
143.0
144.8
147.1
150.9
155.0
156.8
159.0
163.0
167.0
170.9
173.0
175.1
179.1
181.1
182.9
187.0
191.1
198.9
201.0
211.0
213.0
215.0
219.1
222.8
227.0
228.9
231.0
234.9
239.0
243.0
244.9
246.8
250.9
254.9
258.9
260.9
263.0
266.8
270.8
274.0
278.9
283.6
286.8
291.2
293.2
295.2
299.2
303.1
306.6
308.7
310.8
315.6
318.8
323.3
325.3
330.3
332.9
335.0
338.9
346.8
348.8
354.7
356.6
363.0
367.3
371.0
375.0
379.2
383.1
390.9
393.3
395.2
399.2
403.1
405.1
407.4
411.3
418.7
420.8
425.0
427.2
431.1
434.9
436.9
443.1
453.1
455.1
464.9
469.2
474.8
492.9
494.9
498.9
503.1
507.3
518.6
449.0
472.0
485.1
